1000
47 2 3
-13 3 4
-2 4 5
35 5 6
22 6 7
-12 7 8
53 8 9
31 9 10
-4 10 11
60 11 12
23 12 13
-22 13 14
-7 14 15
39 15 16
18 16 17
-30 17 18
-2 18 19
-11 19 20
55 20 21
-15 21 22
-8 22 23
18 23 24
-27 24 25
13 25 26
40 26 27
-29 27 28
-29 28 29
35 29 30
48 30 31
-18 31 32
41 32 33
32 33 34
14 34 35
59 35 36
-2 36 37
-22 37 38
20 38 39
6 39 40
58 40 41
56 41 42
-4 42 43
62 43 44
7 44 45
20 45 46
44 46 47
25 47 48
-15 48 49
-16 49 50
48 50 51
6 51 52
14 52 53
47 53 54
-8 54 55
-18 55 56
17 56 57
-20 57 58
40 58 59
36 59 60
-2 60 61
10 61 62
-19 62 63
-10 63 64
-5 64 65
-5 65 66
-18 66 67
29 67 68
-30 68 69
61 69 70
-3 70 71
25 71 72
22 72 73
27 73 74
39 74 75
-20 75 76
-13 76 77
59 77 78
62 78 79
-16 79 80
-19 80 81
31 81 82
55 82 83
-5 83 84
29 84 85
9 85 86
16 86 87
65 87 88
29 88 89
-17 89 90
69 90 91
62 91 92
-23 92 93
-25 93 94
25 94 95
-9 95 96
60 96 97
35 97 98
45 98 99
69 99 100
67 100 101
-28 101 102
-1 102 103
-14 103 104
32 104 105
-25 105 106
-4 106 107
64 107 108
58 108 109
-20 109 110
57 110 111
65 111 112
65 112 113
67 113 114
61 114 115
45 115 116
7 116 117
-18 117 118
44 118 119
41 119 120
-21 120 121
1 121 122
12 122 123
9 123 124
-30 124 125
33 125 126
-30 126 127
-29 127 128
55 128 129
34 129 130
15 130 131
1 131 132
40 132 133
40 133 134
-4 134 135
26 135 136
-13 136 137
15 137 138
5 138 139
63 139 140
26 140 141
-14 141 142
-27 142 143
51 143 144
33 144 145
24 145 146
1 146 147
-9 147 148
-20 148 149
69 149 150
-8 150 151
-6 151 152
38 152 153
-30 153 154
-18 154 155
2 155 156
-11 156 157
65 157 158
-14 158 159
31 159 160
46 160 161
23 161 162
15 162 163
12 163 164
-29 164 165
62 165 166
61 166 167
61 167 168
36 168 169
31 169 170
-28 170 171
11 171 172
24 172 173
26 173 174
18 174 175
-23 175 176
-3 176 177
9 177 178
53 178 179
45 179 180
35 180 181
-30 181 182
30 182 183
47 183 184
35 184 185
-14 185 186
39 186 187
-2 187 188
-23 188 189
33 189 190
-6 190 191
-9 191 192
44 192 193
41 193 194
25 194 195
3 195 196
61 196 197
67 197 198
44 198 199
6 199 200
60 200 201
6 201 202
-22 202 203
-12 203 204
27 204 205
-23 205 206
40 206 207
56 207 208
20 208 209
33 209 210
54 210 211
28 211 212
24 212 213
21 213 214
-8 214 215
51 215 216
-6 216 217
54 217 218
42 218 219
-22 219 220
19 220 221
60 221 222
14 222 223
-13 223 224
15 224 225
11 225 226
3 226 227
50 227 228
45 228 229
49 229 230
-14 230 231
47 231 232
21 232 233
-23 233 234
1 234 235
2 235 236
14 236 237
18 237 238
49 238 239
-7 239 240
38 240 241
25 241 242
41 242 243
13 243 244
43 244 245
-28 245 246
33 246 247
38 247 248
31 248 249
-20 249 250
17 250 251
20 251 252
51 252 253
68 253 254
45 254 255
30 255 256
51 256 257
36 257 258
-22 258 259
-22 259 260
55 260 261
-27 261 262
56 262 263
22 263 264
47 264 265
38 265 266
-13 266 267
26 267 268
40 268 269
57 269 270
15 270 271
27 271 272
2 272 273
-7 273 274
-23 274 275
51 275 276
69 276 277
-17 277 278
31 278 279
20 279 280
-6 280 281
1 281 282
-18 282 283
-2 283 284
15 284 285
7 285 286
3 286 287
51 287 288
-17 288 289
40 289 290
-26 290 291
-25 291 292
-5 292 293
53 293 294
7 294 295
-25 295 296
-16 296 297
32 297 298
48 298 299
27 299 300
28 300 301
-16 301 302
31 302 303
11 303 304
-27 304 305
-7 305 306
6 306 307
1 307 308
35 308 309
11 309 310
-3 310 311
69 311 312
-6 312 313
18 313 314
44 314 315
-12 315 316
4 316 317
16 317 318
33 318 319
30 319 320
4 320 321
-16 321 322
-16 322 323
4 323 324
46 324 325
18 325 326
16 326 327
-4 327 328
67 328 329
60 329 330
31 330 331
44 331 332
-20 332 333
-14 333 334
39 334 335
50 335 336
-28 336 337
-5 337 338
-26 338 339
67 339 340
39 340 341
1 341 342
-9 342 343
-8 343 344
-28 344 345
29 345 346
23 346 347
37 347 348
-27 348 349
39 349 350
7 350 351
41 351 352
68 352 353
53 353 354
48 354 355
33 355 356
-30 356 357
-18 357 358
26 358 359
-6 359 360
14 360 361
51 361 362
1 362 363
21 363 364
17 364 365
-11 365 366
-1 366 367
13 367 368
-12 368 369
29 369 370
3 370 371
61 371 372
20 372 373
-5 373 374
49 374 375
-23 375 376
-7 376 377
29 377 378
45 378 379
7 379 380
38 380 381
15 381 382
51 382 383
6 383 384
-23 384 385
42 385 386
58 386 387
34 387 388
-20 388 389
11 389 390
-16 390 391
11 391 392
-13 392 393
11 393 394
20 394 395
61 395 396
22 396 397
-10 397 398
46 398 399
28 399 400
-6 400 401
-10 401 402
17 402 403
26 403 404
34 404 405
49 405 406
-25 406 407
4 407 408
35 408 409
8 409 410
68 410 411
-11 411 412
-2 412 413
28 413 414
-11 414 415
23 415 416
43 416 417
11 417 418
29 418 419
29 419 420
10 420 421
56 421 422
33 422 423
-10 423 424
28 424 425
-16 425 426
-12 426 427
30 427 428
34 428 429
60 429 430
44 430 431
62 431 432
52 432 433
-11 433 434
-12 434 435
59 435 436
-11 436 437
23 437 438
65 438 439
-29 439 440
54 440 441
14 441 442
32 442 443
69 443 444
16 444 445
66 445 446
-9 446 447
64 447 448
56 448 449
-12 449 450
56 450 451
62 451 452
36 452 453
29 453 454
5 454 455
-2 455 456
27 456 457
28 457 458
67 458 459
29 459 460
-14 460 461
33 461 462
53 462 463
38 463 464
-11 464 465
-28 465 466
-26 466 467
13 467 468
18 468 469
7 469 470
48 470 471
53 471 472
-15 472 473
-16 473 474
48 474 475
38 475 476
69 476 477
24 477 478
54 478 479
-7 479 480
-8 480 481
-9 481 482
-10 482 483
52 483 484
-25 484 485
68 485 486
25 486 487
2 487 488
27 488 489
54 489 490
67 490 491
4 491 492
-7 492 493
6 493 494
54 494 495
58 495 496
24 496 497
41 497 498
-5 498 499
-10 499 500
16 500 501
50 501 502
-30 502 503
35 503 504
-5 504 505
57 505 506
20 506 507
46 507 508
-17 508 509
-13 509 510
-9 510 511
-20 511 512
32 512 513
26 513 514
26 514 515
-8 515 516
-19 516 517
8 517 518
22 518 519
54 519 520
-14 520 521
51 521 522
62 522 523
-4 523 524
18 524 525
60 525 526
48 526 527
68 527 528
49 528 529
61 529 530
-20 530 531
-10 531 532
67 532 533
49 533 534
12 534 535
59 535 536
8 536 537
39 537 538
58 538 539
38 539 540
19 540 541
46 541 542
31 542 543
-7 543 544
65 544 545
39 545 546
-29 546 547
53 547 548
62 548 549
63 549 550
4 550 551
18 551 552
4 552 553
8 553 554
18 554 555
-19 555 556
40 556 557
10 557 558
63 558 559
22 559 560
-6 560 561
-10 561 562
27 562 563
5 563 564
60 564 565
34 565 566
-27 566 567
15 567 568
-2 568 569
-30 569 570
54 570 571
6 571 572
-23 572 573
51 573 574
61 574 575
2 575 576
54 576 577
49 577 578
-21 578 579
68 579 580
6 580 581
14 581 582
49 582 583
2 583 584
28 584 585
-25 585 586
13 586 587
21 587 588
29 588 589
-17 589 590
1 590 591
18 591 592
10 592 593
35 593 594
12 594 595
57 595 596
-2 596 597
31 597 598
1 598 599
52 599 600
-24 600 601
11 601 602
45 602 603
10 603 604
24 604 605
-11 605 606
34 606 607
-16 607 608
11 608 609
56 609 610
24 610 611
34 611 612
69 612 613
-3 613 614
-11 614 615
50 615 616
52 616 617
-2 617 618
32 618 619
21 619 620
-16 620 621
-24 621 622
37 622 623
-15 623 624
68 624 625
53 625 626
35 626 627
51 627 628
63 628 629
-1 629 630
-20 630 631
14 631 632
6 632 633
59 633 634
22 634 635
9 635 636
30 636 637
55 637 638
-26 638 639
-26 639 640
15 640 641
8 641 642
53 642 643
33 643 644
66 644 645
26 645 646
57 646 647
66 647 648
52 648 649
-12 649 650
42 650 651
57 651 652
-14 652 653
15 653 654
-9 654 655
2 655 656
26 656 657
-12 657 658
-8 658 659
42 659 660
-16 660 661
64 661 662
44 662 663
-17 663 664
68 664 665
9 665 666
3 666 667
-13 667 668
-14 668 669
57 669 670
-9 670 671
-6 671 672
8 672 673
38 673 674
15 674 675
6 675 676
25 676 677
-4 677 678
11 678 679
34 679 680
54 680 681
-10 681 682
-22 682 683
64 683 684
25 684 685
30 685 686
23 686 687
64 687 688
7 688 689
37 689 690
-18 690 691
26 691 692
-6 692 693
31 693 694
1 694 695
31 695 696
53 696 697
42 697 698
20 698 699
43 699 700
-8 700 701
23 701 702
21 702 703
-16 703 704
-23 704 705
-26 705 706
3 706 707
44 707 708
-9 708 709
-28 709 710
-24 710 711
-4 711 712
28 712 713
-23 713 714
52 714 715
-29 715 716
20 716 717
44 717 718
43 718 719
11 719 720
-23 720 721
1 721 722
18 722 723
56 723 724
14 724 725
18 725 726
5 726 727
40 727 728
11 728 729
9 729 730
-5 730 731
28 731 732
66 732 733
61 733 734
63 734 735
58 735 736
36 736 737
-6 737 738
62 738 739
-18 739 740
-30 740 741
-2 741 742
64 742 743
58 743 744
-7 744 745
42 745 746
-16 746 747
4 747 748
-29 748 749
57 749 750
23 750 751
64 751 752
-23 752 753
-24 753 754
25 754 755
35 755 756
1 756 757
21 757 758
56 758 759
15 759 760
21 760 761
36 761 762
60 762 763
-12 763 764
17 764 765
69 765 766
-4 766 767
18 767 768
-29 768 769
-21 769 770
-4 770 771
53 771 772
-25 772 773
-27 773 774
-7 774 775
17 775 776
32 776 777
58 777 778
50 778 779
-19 779 780
-25 780 781
-13 781 782
62 782 783
-29 783 784
-30 784 785
-9 785 786
5 786 787
-18 787 788
55 788 789
44 789 790
-17 790 791
-19 791 792
41 792 793
13 793 794
36 794 795
-7 795 796
55 796 797
35 797 798
15 798 799
27 799 800
-10 800 801
23 801 802
55 802 803
-5 803 804
24 804 805
68 805 806
25 806 807
-27 807 808
-6 808 809
3 809 810
-21 810 811
-26 811 812
36 812 813
58 813 814
13 814 815
48 815 816
-19 816 817
6 817 818
33 818 819
-20 819 820
69 820 821
20 821 822
66 822 823
63 823 824
-8 824 825
4 825 826
52 826 827
64 827 828
47 828 829
8 829 830
54 830 831
-8 831 832
58 832 833
-5 833 834
-17 834 835
3 835 836
-15 836 837
51 837 838
69 838 839
60 839 840
-30 840 841
17 841 842
-26 842 843
12 843 844
-21 844 845
59 845 846
1 846 847
33 847 848
-19 848 849
64 849 850
6 850 851
54 851 852
44 852 853
-7 853 854
-29 854 855
12 855 856
-2 856 857
-20 857 858
41 858 859
13 859 860
47 860 861
63 861 862
-8 862 863
66 863 864
33 864 865
48 865 866
33 866 867
-29 867 868
-15 868 869
-21 869 870
8 870 871
20 871 872
6 872 873
26 873 874
53 874 875
42 875 876
46 876 877
-20 877 878
41 878 879
-15 879 880
40 880 881
64 881 882
37 882 883
-8 883 884
-28 884 885
5 885 886
31 886 887
38 887 888
59 888 889
27 889 890
-7 890 891
-1 891 892
55 892 893
58 893 894
29 894 895
-26 895 896
38 896 897
52 897 898
10 898 899
57 899 900
3 900 901
41 901 902
56 902 903
29 903 904
-29 904 905
-23 905 906
-7 906 907
47 907 908
56 908 909
-6 909 910
69 910 911
13 911 912
-20 912 913
67 913 914
29 914 915
21 915 916
69 916 917
9 917 918
-19 918 919
-6 919 920
-16 920 921
-8 921 922
-5 922 923
40 923 924
63 924 925
8 925 926
-26 926 927
29 927 928
66 928 929
7 929 930
-6 930 931
44 931 932
1 932 933
-22 933 934
-24 934 935
7 935 936
63 936 937
58 937 938
-1 938 939
53 939 940
67 940 941
31 941 942
37 942 943
-29 943 944
27 944 945
10 945 946
-6 946 947
13 947 948
67 948 949
44 949 950
-27 950 951
14 951 952
1 952 953
3 953 954
28 954 955
60 955 956
12 956 957
62 957 958
-2 958 959
30 959 960
64 960 961
39 961 962
53 962 963
14 963 964
36 964 965
12 965 966
57 966 967
61 967 968
19 968 969
-6 969 970
24 970 971
-9 971 972
62 972 973
26 973 974
33 974 975
51 975 976
-4 976 977
66 977 978
-7 978 979
53 979 980
-19 980 981
3 981 982
38 982 983
60 983 984
25 984 985
39 985 986
39 986 987
40 987 988
11 988 989
51 989 990
30 990 991
66 991 992
29 992 993
-16 993 994
64 994 995
25 995 996
23 996 997
4 997 998
58 998 999
24 999 1000
-14 1000 1
-2 1 2
