1000
-59
6
31 5 9
-12 10 28
-47 17 65
6 26 126
-12 37 217
-57 50 344
26 65 513
13 82 730
-27 101 1
1 122 332
-5 145 729
-43 170 198
28 197 745
-51 226 376
-11 257 97
-47 290 914
-45 325 833
-9 362 860
34 401 1
10 442 262
-21 485 649
-59 530 168
-22 577 825
-18 626 626
25 677 577
29 730 684
-4 785 953
-51 842 390
2 901 1
23 962 792
-2 25 769
27 90 938
-49 157 305
-12 226 876
-13 297 657
-60 370 654
-14 445 873
-56 522 320
-26 601 1
-47 682 922
-1 765 89
12 850 508
-45 937 185
14 26 126
30 117 337
-6 210 824
-54 305 593
-52 402 650
-54 501 1
-53 602 652
4 705 609
34 810 878
-12 917 465
11 26 376
-18 137 617
-21 250 194
-15 365 113
-29 482 380
-14 601 1
16 722 982
-24 845 329
-11 970 48
16 97 145
21 226 626
33 357 497
-31 490 764
6 625 433
-50 762 510
1 901 1
-34 42 912
33 185 249
-10 330 18
-2 477 225
1 626 876
21 777 977
-37 930 534
-35 85 553
-20 242 40
-20 401 1
24 562 442
20 725 369
4 890 788
2 57 705
31 226 126
11 397 57
16 570 504
1 745 473
-57 922 970
-10 101 1
29 282 572
31 465 689
24 650 358
39 837 585
10 26 376
-49 217 737
12 410 674
-49 605 193
35 802 300
36 1 1
-3 202 302
19 405 209
14 610 728
24 817 865
-33 26 626
-6 237 17
16 450 44
25 665 713
21 882 30
-11 101 1
-18 322 632
-58 545 929
-53 770 898
2 997 545
12 226 876
-25 457 897
27 690 614
35 925 33
1 162 160
-21 401 1
-27 642 562
-26 885 849
-27 130 868
-32 377 625
7 626
-25 877 377
-8 130 384
-36 385 153
33 642 690
28 901 1
-41 162 92
25 425 969
29 690 638
-11 957 105
13 226 376
-22 497 457
-25 770 354
10 45 73
-2 322 620
34 601 1
-36 882 222
15 165 289
15 450 208
-45 737 985
-22 26 626
1 317 137
-1 610 524
-49 905 793
-12 202 950
-13 501 1
11 802 952
-13 105 809
-27 410 578
-43 717 265
25 26 876
-44 337 417
-32 650 894
16 965 313
-52 282 680
-52 601 1
16 922 282
36 245 529
-46 570 748
-43 897 945
-45 226 126
-34 557 297
6 890 464
-33 225 633
18 562 810
34 901 1
-39 242 212
16 585 449
32 930 718
35 277 25
20 626 376
-30 977 777
-30 330 234
-44 685 753
-47 42 340
-58 401 1
4 762 742
-36 125 569
-45 490 488
-20 857 505
-48 226 626
23 597 857
27 970 204
1 345 673
-29 722 270
27 101 1
-48 482 872
-54 865 889
5 250 58
-20 637 385
-25 26 876
27 417 537
-41 810 374
29 205 393
-40 602 600
8 1 1
-4 402 602
-19 805 409
24 210 428
15 617 665
8 26 126
-35 437 817
-35 850 744
-12 265 913
-11 682 330
-41 101 1
-47 522 932
-47 945 129
-15 370 598
-35 797 345
39 226 376
25 657 697
-31 90 314
21 525 233
-20 962 460
8 401 1
29 842 862
-9 285 49
-54 730 568
18 177 425
19 626 626
32 77 177
16 530 84
3 985 353
33 442 990
-50 901 1
-52 362 392
-29 825 169
-38 290 338
-40 757 905
-56 226 876
-14 697 257
-44 170 54
17 645 273
-21 122 920
-60 601 1
39 82 522
9 565 489
6 50 908
-43 537 785
14 26 126
-47 517 937
-12 10 224
25 505 993
-59 2
26 501 1
-13 2
-15 505 9
-21 10 278
34 517 65
-50 26 376
30 537 217
-49 50 594
26 565 513
9 82 980
-53 601 1
-24 122 582
20 645 729
-10 170 448
-13 697 745
33 226 626
6 757 97
8 290 164
33 825 833
-56 362 110
-44 901 1
-37 442 512
-27 985 649
-50 530 418
-23 77 825
6 626 876
34 177 577
-9 730 934
-36 285 953
-36 842 640
37 401 1
8 962 42
-16 525 769
-17 90 188
36 657 305
-17 226 126
39 797 657
-3 370 904
-8 945 873
37 522 570
20 101 1
20 682 172
-5 265 89
-60 850 758
18 437 185
-28 26 376
-13 617 337
39 210 74
-41 805 593
-37 402 900
7 1 1
26 602 902
-48 205 609
-41 810 128
-3 417 465
-3 26 626
22 637 617
6 250 444
34 865 113
-27 482 630
-32 101 1
-33 722 232
34 345 329
-37 970 298
7 597 145
-26 226 876
-47 857 497
-53 490 14
-51 125 433
-34 762 760
-26 401 1
-48 42 162
-22 685 249
-58 330 268
-14 977 225
10 626 126
12 277 977
-50 930 784
8 585 553
-10 242 290
15 901 1
17 562 692
-47 225 369
-37 890 38
-35 557 705
4 226 376
3 897 57
2 570 754
1 245 473
-42 922 220
17 601 1
32 282 822
29 965 689
38 650 608
-20 337 585
1 26 626
-24 717 737
-39 410 924
28 105 193
-43 802 550
-47 501 1
16 202 552
-15 905 209
-26 610 978
-7 317 865
26 26 876
29 737 17
-17 450 294
-29 165 713
-13 882 280
-34 601 1
-6 322 882
-20 45 929
-24 770 148
-44 497 545
-55 226 126
34 957 897
-40 690 864
-28 425 33
3 162 410
-42 901 1
39 642 812
34 385 849
-60 130 118
3 877 625
-21 626
35
-38 130 634
-27 885 153
-17 642 940
-42 401 1
-27 162 342
-44 925 969
33 690 888
-46 457 105
38 226 626
13 997 457
7 770 604
-14 545 73
30 322 870
-52 101 1
10 882 472
16 665 289
24 450 458
-9 237 985
-7 26 876
29 817 137
-32 610 774
-10 405 793
-59 202 200
-43 1 1
6 802 202
7 605 809
25 410 828
-54 217 265
-30 26 126
-53 837 417
-37 650 144
12 465 313
14 282 930
-56 101 1
-2 922 532
32 745 529
2 570 998
-37 397 945
-29 226 376
-59 57 297
19 890 714
-10 725 633
-16 562 60
-57 401 1
-17 242 462
28 85 449
-18 930 968
-53 777 25
16 626 626
-43 477 777
-28 330 484
-14 185 753
-21 42 590
-47 901 1
-10 762 992
3 625 569
39 490 738
9 357 505
21 226 876
2 97 857
-38 970 454
-48 845 673
-20 722 520
-8 601 1
-17 482 122
16 365 889
7 250 308
3 137 385
11 26 126
-52 917 537
26 810 624
-26 705 393
-59 602 850
24 501 1
-46 402 852
5 305 409
-31 210 678
-40 117 665
19 26 376
-5 937 817
-2 850 994
4 765 913
-29 682 580
35 601 1
-11 522 182
9 445 129
-6 370 848
-59 297 345
17 226 626
21 157 697
-10 90 564
28 25 233
-10 962 710
-59 901 1
-21 842 112
14 785 49
4 730 818
19 677 425
-15 626 876
17 577 177
-13 530 334
-37 485 353
-39 442 240
25 401 1
31 362 642
-16 325 169
-60 290 588
-50 257 905
24 226 126
27 197 257
-47 170 304
38 145 273
6 122 170
-25 101 1
-33 82 772
-38 65 489
9 50 158
-45 37 785
39 26 376
-7 17 937
-23 10 474
-13 5 993
-48 2
-28 1 1
-44 2
-1 5 9
27 10 528
-56 17 65
-46 26 626
36 37 217
-45 50 844
-38 65 513
-7 82 230
33 101 1
26 122 832
-12 145 729
23 170 698
-12 197 745
-1 226 876
14 257 97
37 290 414
-59 325 833
-18 362 360
-40 401 1
-59 442 762
-34 485 649
-51 530 668
-58 577 825
31 626 126
-32 677 577
-44 730 184
-47 785 953
-22 842 890
-51 901 1
3 962 292
-32 25 769
37 90 438
-30 157 305
34 226 376
31 297 657
-22 370 154
27 445 873
-13 522 820
-25 601 1
-8 682 422
-32 765 89
-23 850 8
-48 937 185
-24 26 626
-19 117 337
32 210 324
22 305 593
-31 402 150
25 501 1
-49 602 152
12 705 609
-44 810 378
-48 917 465
8 26 876
-37 137 617
-4 250 694
-17 365 113
-21 482 880
29 601 1
-35 722 482
-34 845 329
28 970 548
11 97 145
-24 226 126
-55 357 497
-8 490 264
-37 625 433
-58 762 10
-11 901 1
10 42 412
-59 185 249
-13 330 518
39 477 225
-39 626 376
-37 777 977
15 930 34
17 85 553
24 242 540
-2 401 1
-10 562 942
-25 725 369
-30 890 288
-25 57 705
-53 226 626
20 397 57
-38 570 4
-10 745 473
-59 922 470
28 101 1
-45 282 72
-50 465 689
-9 650 858
-38 837 585
3 26 876
-30 217 737
-45 410 174
-41 605 193
-36 802 800
1 1 1
-42 202 802
-3 405 209
39 610 228
12 817 865
-31 26 126
9 237 17
-50 450 544
-38 665 713
-5 882 530
-41 101 1
1 322 132
29 545 929
-6 770 398
22 997 545
35 226 376
26 457 897
-14 690 114
22 925 33
-40 162 660
13 401 1
5 642 62
-24 885 849
-54 130 368
-43 377
-10
-16 877 377
-17 130 884
-26 385 153
34 642 190
-5 901 1
-27 162 592
-29 425 969
39 690 138
-54 957 105
13 226 876
-32 497 457
-44 770 854
-14 45 73
11 322 120
34 601 1
9 882 722
-39 165 289
-20 450 708
-23 737 985
-40 26 126
2 317 137
-20 610 24
-35 905 793
9 202 450
12 501 1
-50 802 452
38 105 809
16 410 78
-23 717 265
-5 26 376
-2 337 417
-5 650 394
-1 965 313
-46 282 180
7 601 1
20 922 782
-59 245 529
-8 570 248
-7 897 945
1 226 626
-39 557 297
-53 890 964
9 225 633
-52 562 310
26 901 1
-21 242 712
27 585 449
7 930 218
-47 277 25
-18 626 876
31 977 777
22 330 734
25 685 753
-43 42 840
-31 401 1
-60 762 242
24 125 569
12 490 988
23 857 505
2 226 126
-18 597 857
-45 970 704
-55 345 673
-54 722 770
9 101 1
-12 482 372
-16 865 889
28 250 558
4 637 385
-58 26 376
-19 417 537
-59 810 874
-41 205 393
33 602 100
28 1 1
12 402 102
-17 805 409
-20 210 928
6 617 665
-10 26 626
-33 437 817
-42 850 244
-27 265 913
25 682 830
-28 101 1
-47 522 432
5 945 129
-40 370 98
-48 797 345
-54 226 876
-7 657 697
-16 90 814
28 525 233
-50 962 960
-28 401 1
-56 842 362
-35 285 49
-17 730 68
-60 177 425
-43 626 126
23 77 177
39 530 584
-23 985 353
-42 442 490
-12 901 1
-1 362 892
-51 825 169
-9 290 838
12 757 905
25 226 376
-42 697 257
-39 170 554
-16 645 273
-42 122 420
-22 601 1
-47 82 22
-22 565 489
9 50 408
-59 537 785
34 26 626
-56 517 937
5 10 724
-1 505 993
37 2
-19 501 1
1 2
22 505 9
22 10 778
10 517 65
23 26 876
36 537 217
-37 50 94
21 565 513
-15 82 480
-5 601 1
-44 122 82
-22 645 729
2 170 948
-51 697 745
3 226 126
-33 757 97
6 290 664
-13 825 833
-9 362 610
3 901 1
-6 442 12
-60 985 649
-18 530 918
10 77 825
9 626 376
-9 177 577
-54 730 434
17 285 953
7 842 140
-41 401 1
39 962 542
-32 525 769
36 90 688
-20 657 305
-38 226 626
-38 797 657
9 370 404
33 945 873
19 522 70
-17 101 1
1 682 672
22 265 89
-50 850 258
-26 437 185
31 26 876
18 617 337
-39 210 574
31 805 593
-5 402 400
-10 1 1
10 602 402
-21 205 609
-26 810 628
-58 417 465
4 26 126
15 637 617
8 250 944
-3 865 113
4 482 130
26 101 1
-25 722 732
-17 345 329
-38 970 798
-35 597 145
-17 226 376
-19 857 497
-2 490 514
-26 125 433
1 762 260
33 401 1
13 42 662
8 685 249
-59 330 768
-24 977 225
6 626 626
7 277 977
-37 930 284
23 585 553
34 242 790
-21 901 1
-39 562 192
-38 225 369
39 890 538
-31 557 705
-28 226 876
25 897 57
-2 570 254
33 245 473
-28 922 720
-56 601 1
-45 282 322
-12 965 689
-25 650 108
21 337 585
-14 26 126
-55 717 737
-54 410 424
-49 105 193
22 802 50
-26 501 1
-13 202 52
7 905 209
33 610 478
-52 317 865
-55 26 376
-41 737 17
-50 450 794
13 165 713
-10 882 780
-18 601 1
14 322 382
-41 45 929
5 770 648
-50 497 545
-5 226 626
17 957 897
30 690 364
2 425 33
1 162 910
10 901 1
-46 642 312
6 385 849
-35 130 618
32 877 625
8 626
-59 377 377
5 130 134
2 885 153
-52 642 440
15 401 1
-57 162 842
-44 925 969
36 690 388
-51 457 105
-15 226 126
-10 997 457
-55 770 104
-51 545 73
-40 322 370
-40 101 1
-1 882 972
37 665 289
-10 450 958
28 237 985
-60 26 376
-28 817 137
-18 610 274
23 405 793
-14 202 700
-8 1 1
2 802 702
14 605 809
15 410 328
-52 217 265
-26 26 626
-34 837 417
-27 650 644
-46 465 313
-33 282 430
-48 101 1
-39 922 32
6 745 529
9 570 498
-37 397 945
-11 226 876
7 57 297
-26 890 214
-32 725 633
-18 562 560
-52 401 1
10 242 962
-51 85 449
-42 930 468
38 777 25
-16 626 126
-27 477 777
-42 330 984
-10 185 753
-51 42 90
-7 901 1
20 762 492
-35 625 569
1 490 238
20 357 505
6 226 376
4 97 857
-17 970 954
-19 845 673
-15 722 20
-8 601 1
-28 482 622
-13 365 889
-1 250 808
-7 137 385
-19 26 626
-43 917 537
-8 810 124
-11 705 393
-47 602 350
-18 501 1
14 402 352
-34 305 409
-11 210 178
26 117 665
-49 26 876
-5 937 817
1 850 494
4 765 913
31 682 80
-8 601 1
-27 522 682
-1 445 129
-17 370 348
-5 297 345
37 226 126
24 157 697
-40 90 64
7 25 233
3 962 210
29 901 1
-32 842 612
-24 785 49
-10 730 318
-1 677 425
32 626 376
-30 577 177
10 530 834
-27 485 353
-35 442 740
-29 401 1
-33 362 142
-60 325 169
-53 290 88
-42 257 905
-4 226 626
-38 197 257
-55 170 804
24 145 273
-40 122 670
30 101 1
-40 82 272
6 65 489
-45 50 658
5 37 785
-1 26 876
26 17 937
28 10 974
6 5 993
18 2
