2193
1
2
6
9
15
17
21
25
26
27
31
33
37
46
47
49
53
56
57
65
66
67
71
73
76
77
85
86
87
89
93
95
96
97
100
101
102
105
109
113
115
116
117
119
126
129
131
136
137
141
145
153
156
157
159
163
171
173
175
176
177
185
189
191
193
197
199
201
202
205
206
209
216
217
221
225
226
227
229
237
239
243
245
246
249
251
255
257
259
263
265
266
267
269
273
276
277
281
285
287
289
291
295
297
300
301
302
305
307
309
313
326
327
329
331
336
337
339
341
343
345
346
349
353
356
357
367
369
373
376
377
385
386
387
393
397
401
402
403
409
413
417
423
425
426
435
436
437
445
446
449
451
453
456
457
461
463
465
466
467
473
475
477
481
486
487
489
496
497
501
505
507
511
513
517
526
529
536
537
539
545
549
551
553
556
561
565
575
577
579
585
587
591
593
596
601
602
605
607
609
613
615
616
617
619
621
626
636
637
641
645
649
651
653
657
661
665
666
671
673
677
679
685
686
689
691
695
697
700
701
702
705
713
727
729
735
736
737
745
746
750
752
753
755
756
757
759
766
769
771
775
776
777
779
785
789
793
796
797
802
806
807
809
811
817
821
823
825
826
827
829
833
837
839
845
849
853
857
865
867
869
871
873
876
881
889
893
895
897
900
901
902
903
905
913
917
925
929
935
936
937
945
953
955
957
965
966
967
971
976
977
985
989
991
993
995
997
1000
